"bodmin" <- list(x = c(-2.000000, -2.000000, 0.000000, 3.000000, 7.000000, 4.000000, 3.000000,
2.000000, 1.000000, 0.000000, 0.000000, -2.000000, -2.000000, -3.000000,
-3.000000, 0.000000, -2.000000, -1.000000, 0.000000, -1.000000, -2.000000,
-2.000000, 0.000000, 1.000000, 4.000000, 1.000000, 4.000000, 7.000000,
5.000000, 5.000000, 4.000000, 3.000000, 4.000000, 2.000000, 2.000000
), y = c(10.000000, 9.000000, 8.000000, 8.000000, 7.000000, 6.000000, 6.000000,
6.000000, 7.000000, 6.000000, 6.000000, 6.000000, 6.000000, 5.000000,
4.000000, 4.000000, 4.000000, 3.000000, 2.000000, 2.000000, 2.000000,
0.000000, -3.000000, -3.000000, -3.000000, -3.000000, -4.000000,
-4.000000, -5.000000, -6.000000, -6.000000, -5.000000, -6.000000,
-5.000000, -6.000000), area = c(xl = -3, xu = 7, yl = -6, yu = 10))
