"cardiff" <- list(x = c(93.990000, 80.160000, 78.590000, 77.550000, 75.720000, 66.060000,
63.710000, 26.630000, 58.220000, 57.440000, 52.740000, 49.870000,
49.350000, 31.850000, 31.330000, 22.450000, 21.410000, 20.630000,
22.190000, 23.240000, 26.630000, 26.630000, 26.890000, 27.420000,
30.030000, 31.330000, 30.810000, 32.380000, 32.900000, 32.380000,
32.110000, 32.900000, 33.940000, 33.940000, 37.860000, 38.900000,
39.950000, 40.730000, 43.080000, 44.130000, 46.210000, 47.260000,
47.000000, 48.040000, 48.300000, 49.610000, 51.440000, 52.220000,
54.830000, 56.660000, 57.440000, 59.790000, 69.450000, 70.760000,
72.320000, 73.890000, 74.670000, 77.020000, 79.630000, 81.720000,
65.800000, 63.970000, 59.010000, 54.570000, 53.260000, 52.480000,
51.440000, 50.390000, 49.610000, 44.910000, 43.860000, 43.080000,
41.510000, 38.900000, 36.810000, 35.250000, 30.550000, 30.290000,
28.720000, 25.590000, 23.760000, 7.310000, 11.230000, 33.680000,
35.770000, 36.810000, 37.080000, 38.380000, 37.860000, 38.900000,
40.990000, 47.000000, 50.130000, 52.220000, 53.260000, 56.140000,
69.450000, 69.450000, 70.500000, 71.280000, 73.370000, 74.150000,
74.670000, 74.670000, 86.160000, 86.680000, 87.210000, 90.340000,
90.860000, 86.950000, 81.200000, 79.900000, 79.370000, 78.330000,
75.460000, 72.850000, 71.280000, 67.890000, 61.620000, 60.570000,
59.790000, 57.960000, 53.790000, 52.480000, 51.700000, 47.000000,
45.950000, 44.910000, 35.770000, 22.450000, 21.410000, 21.930000,
21.150000, 21.670000, 19.320000, 16.710000, 14.100000, 13.320000,
9.920000, 7.050000, 2.350000, 21.150000, 22.190000, 29.240000, 30.290000,
32.110000, 39.430000, 40.210000, 40.470000, 42.040000, 43.080000,
42.820000, 47.520000, 51.170000, 52.480000, 56.660000, 59.790000,
63.190000, 63.710000, 63.970000, 70.760000, 50.130000, 47.520000,
45.430000, 32.640000, 31.330000, 31.590000, 31.070000), y = c(92.640000,
94.810000, 90.480000, 91.770000, 91.770000, 92.640000,
90.480000, 69.700000, 88.310000, 92.210000, 91.770000, 90.480000,
89.610000, 89.610000, 87.450000, 87.450000, 86.580000, 85.710000,
81.390000, 82.680000, 84.850000, 83.980000, 83.120000, 81.820000,
84.420000, 84.420000, 83.980000, 82.680000, 80.950000, 79.220000,
76.190000, 76.620000, 85.710000, 83.550000, 81.820000, 80.520000,
80.090000, 83.120000, 75.320000, 80.520000, 80.950000, 81.820000,
80.950000, 80.090000, 80.950000, 84.850000, 83.550000, 82.680000,
84.850000, 87.880000, 81.390000, 87.450000, 79.650000, 81.820000,
80.520000, 82.250000, 80.520000, 87.880000, 87.880000, 77.490000,
62.340000, 70.560000, 63.200000, 63.640000, 67.530000, 59.310000,
61.470000, 74.890000, 74.030000, 60.610000, 60.170000, 59.310000,
61.470000, 71.000000, 67.100000, 70.130000, 67.530000, 71.430000,
61.040000, 69.260000, 67.970000, 51.520000, 52.810000, 50.220000,
46.750000, 45.450000, 56.280000, 54.980000, 50.220000, 51.520000,
52.380000, 48.920000, 57.140000, 56.280000, 55.410000, 56.710000,
51.950000, 50.220000, 50.650000, 50.650000, 48.480000, 48.480000,
46.320000, 45.890000, 51.080000, 50.650000, 51.520000, 51.950000,
50.650000, 41.990000, 39.390000, 42.860000, 36.800000, 38.100000,
43.720000, 41.130000, 44.160000, 29.000000, 32.900000, 34.630000,
33.770000, 35.930000, 30.300000, 37.660000, 36.360000, 37.230000,
35.930000, 33.330000, 32.030000, 38.530000, 38.100000, 35.060000,
35.930000, 30.300000, 28.570000, 40.260000, 41.130000, 35.500000,
34.200000, 37.230000, 38.960000, 16.020000, 14.290000, 16.880000,
25.110000, 25.540000, 27.710000, 26.410000, 26.410000, 25.110000,
24.240000, 16.020000, 16.450000, 25.110000, 25.970000, 27.270000,
22.080000, 23.810000, 22.510000, 27.270000, 24.680000, 10.390000,
12.120000, 14.290000, 8.230000, 7.360000, 6.490000, 8.230000),
area = c(xl = 2.35, xu = 93.99, yl = 6.49, yu = 94.81))
