"larynx" <- list(x = c(353.214000, 352.909000, 349.548000, 352.802000, 352.995000, 351.884000,
350.083000, 357.166000, 348.767000, 356.523000, 359.125000, 359.447000,
351.720000, 355.207000, 359.832000, 359.567000, 354.758000, 353.989000,
351.900000, 348.716000, 360.779000, 353.713000, 356.837000, 355.880000,
360.057000, 351.919000, 357.543000, 352.243000, 350.619000, 355.142000,
355.672000, 358.770000, 357.996000, 358.977000, 351.973000, 358.358000,
358.943000, 353.222000, 356.397000, 348.273000, 353.143000, 357.998000,
357.487000, 352.051000, 351.276000, 354.438000, 354.738000, 355.479000,
354.374000, 355.859000, 355.535000, 353.150000, 356.340000, 355.903000,
355.563000, 355.398000, 355.350000), y = c(427.676000, 422.335000,
418.172000, 420.526000, 421.125000, 426.490000,
425.035000, 425.846000, 418.580000, 425.252000, 417.215000, 413.317000,
428.201000, 423.685000, 417.370000, 427.575000, 422.782000, 421.856000,
428.827000, 425.864000, 413.426000, 425.658000, 425.909000, 418.558000,
419.028000, 417.257000, 423.090000, 427.156000, 424.959000, 422.115000,
427.119000, 416.352000, 417.037000, 417.306000, 428.127000, 417.482000,
418.061000, 427.197000, 426.301000, 425.545000, 415.030000, 416.205000,
415.937000, 421.499000, 425.833000, 422.333000, 426.567000, 419.132000,
425.609000, 425.680000, 424.264000, 427.008000, 413.295000, 413.619000,
414.116000, 414.390000, 414.031000), area = c(xl = 346.475, xu = 364.435,
yl = 412.437, yu = 428.987))
