"lung" <- list(x = c(359.014000, 352.909000, 353.848000, 359.202000, 357.795000, 352.784000,
354.777000, 354.983000, 355.366000, 362.767000, 356.323000, 354.225000,
357.847000, 360.920000, 352.407000, 356.732000, 353.567000, 359.658000,
351.289000, 358.400000, 355.816000, 354.179000, 357.513000, 353.837000,
348.480000, 353.757000, 355.119000, 354.643000, 355.543000, 358.119000,
353.842000, 360.972000, 354.170000, 360.396000, 359.277000, 358.573000,
358.158000, 359.943000, 353.422000, 357.697000, 361.273000, 360.443000,
356.098000, 358.587000, 355.951000, 347.976000, 358.438000, 351.279000,
360.074000, 355.859000, 354.135000, 358.250000, 356.040000, 359.703000,
357.363000, 353.398000, 357.850000, 356.555000, 351.595000, 351.195000,
358.727000, 358.838000, 356.153000, 353.842000, 352.290000, 351.276000,
355.346000, 351.014000, 348.044000, 347.880000, 357.898000, 358.247000,
355.680000, 354.746000, 347.595000, 354.751000, 352.979000, 356.682000,
356.202000, 359.284000, 357.865000, 350.607000, 354.866000, 353.807000,
357.630000, 357.136000, 357.615000, 360.747000, 351.953000, 359.765000,
357.864000, 356.572000, 356.492000, 356.535000, 354.696000, 359.441000,
353.455000, 357.764000, 355.915000, 353.223000, 357.439000, 358.063000,
353.680000, 348.105000, 357.952000, 351.421000, 355.907000, 357.157000,
356.502000, 354.967000, 353.952000, 363.288000, 359.568000, 359.407000,
357.765000, 357.466000, 352.342000, 353.536000, 361.821000, 348.021000,
355.146000, 358.023000, 357.826000, 352.516000, 352.627000, 356.175000,
356.196000, 348.497000, 355.922000, 353.471000, 355.714000, 362.418000,
354.904000, 353.876000, 355.559000, 348.540000, 355.999000, 352.129000,
354.114000, 360.405000, 351.878000, 359.500000, 357.444000, 358.126000,
351.231000, 358.351000, 362.106000, 358.484000, 357.946000, 349.408000,
353.849000, 357.768000, 358.637000, 352.560000, 354.422000, 357.862000,
357.028000, 353.908000, 355.410000, 348.785000, 356.810000, 352.163000,
358.400000, 359.635000, 357.152000, 348.476000, 354.078000, 359.605000,
347.390000, 354.945000, 350.408000, 351.079000, 355.687000, 352.793000,
357.175000, 353.898000, 363.371000, 356.527000, 351.103000, 353.245000,
358.965000, 353.004000, 352.954000, 355.044000, 355.450000, 357.221000,
354.150000, 359.497000, 349.928000, 359.455000, 351.024000, 352.915000,
354.304000, 353.428000, 356.120000, 352.771000, 354.744000, 352.953000,
351.221000, 352.426000, 361.378000, 357.576000, 355.134000, 358.814000,
354.658000, 358.743000, 358.220000, 358.895000, 361.174000, 355.945000,
358.614000, 347.782000, 358.160000, 353.136000, 355.304000, 350.754000,
348.365000, 351.724000, 358.698000, 358.729000, 352.300000, 353.040000,
347.557000, 356.924000, 349.169000, 358.881000, 360.211000, 356.360000,
358.228000, 359.341000, 359.986000, 358.827000, 356.440000, 351.546000,
348.923000, 358.833000, 352.720000, 352.773000, 356.057000, 360.477000,
355.557000, 352.635000, 356.451000, 354.794000, 352.750000, 358.495000,
354.470000, 355.426000, 356.593000, 360.169000, 358.177000, 352.749000,
354.652000, 357.041000, 358.131000, 358.489000, 358.956000, 353.954000,
353.754000, 352.314000, 358.469000, 360.467000, 352.044000, 346.929000,
348.734000, 357.700000, 355.288000, 350.622000, 358.218000, 356.308000,
359.886000, 356.888000, 351.478000, 356.829000, 357.914000, 356.668000,
350.898000, 354.249000, 357.791000, 355.281000, 360.709000, 352.190000,
356.953000, 353.520000, 356.028000, 357.050000, 354.487000, 351.824000,
349.448000, 349.294000, 358.423000, 357.852000, 358.111000, 358.558000,
358.090000, 357.864000, 358.258000, 358.105000, 354.860000, 351.778000,
351.855000, 349.677000, 357.800000, 358.688000, 351.207000, 356.431000,
358.927000, 359.741000, 359.214000, 358.749000, 353.432000, 358.344000,
358.774000, 356.403000, 354.813000, 352.197000, 352.158000, 359.534000,
352.733000, 352.067000, 358.953000, 356.520000, 357.614000, 355.569000,
350.854000, 355.634000, 355.027000, 354.308000, 356.932000, 360.482000,
358.242000, 359.604000, 358.878000, 356.014000, 353.262000, 358.698000,
357.518000, 353.514000, 360.324000, 358.118000, 355.910000, 359.355000,
358.985000, 348.733000, 358.209000, 352.344000, 359.673000, 352.074000,
358.112000, 362.728000, 350.620000, 357.837000, 355.575000, 351.880000,
352.065000, 352.955000, 357.304000, 353.467000, 352.538000, 354.948000,
358.127000, 354.580000, 351.911000, 354.444000, 360.634000, 348.749000,
359.135000, 353.984000, 358.996000, 356.030000, 351.037000, 355.692000,
356.557000, 350.866000, 358.308000, 360.924000, 353.404000, 353.522000,
356.353000, 356.497000, 358.208000, 355.699000, 357.027000, 350.282000,
354.543000, 361.421000, 358.334000, 356.881000, 356.179000, 354.494000,
352.413000, 357.978000, 357.749000, 350.247000, 357.990000, 359.260000,
360.593000, 359.240000, 351.910000, 357.819000, 362.175000, 354.750000,
356.543000, 350.023000, 358.877000, 354.837000, 353.464000, 357.868000,
358.468000, 351.578000, 360.505000, 359.203000, 352.742000, 353.193000,
354.226000, 357.442000, 348.261000, 347.148000, 357.959000, 353.051000,
354.923000, 354.966000, 358.198000, 352.957000, 350.078000, 358.179000,
354.341000, 356.600000, 353.067000, 356.378000, 357.989000, 353.940000,
357.921000, 362.174000, 352.693000, 358.919000, 355.615000, 359.909000,
357.257000, 354.683000, 364.330000, 358.510000, 354.498000, 356.159000,
358.094000, 354.855000, 353.418000, 353.034000, 354.600000, 359.290000,
350.957000, 355.014000, 359.208000, 347.410000, 352.866000, 356.783000,
348.372000, 357.703000, 356.511000, 354.727000, 351.236000, 353.473000,
353.769000, 352.048000, 358.408000, 350.624000, 358.083000, 354.839000,
360.113000, 354.838000, 352.001000, 355.638000, 355.213000, 357.509000,
360.488000, 362.865000, 354.210000, 355.567000, 354.211000, 358.821000,
358.617000, 360.569000, 351.805000, 352.072000, 355.707000, 351.066000,
348.903000, 351.403000, 358.642000, 358.148000, 351.654000, 357.649000,
356.467000, 353.559000, 352.106000, 353.902000, 350.986000, 358.293000,
355.770000, 355.488000, 352.513000, 353.362000, 358.654000, 359.024000,
355.391000, 359.935000, 352.679000, 351.151000, 352.500000, 359.961000,
353.559000, 358.336000, 357.522000, 347.359000, 356.170000, 358.054000,
353.295000, 355.286000, 353.483000, 350.943000, 348.538000, 359.381000,
356.275000, 358.534000, 359.547000, 352.582000, 359.319000, 357.760000,
350.771000, 352.022000, 356.340000, 356.331000, 358.263000, 352.860000,
348.593000, 356.201000, 354.086000, 359.601000, 356.358000, 355.588000,
353.422000, 352.179000, 357.807000, 357.927000, 357.631000, 353.360000,
356.976000, 352.871000, 351.427000, 353.200000, 357.505000, 352.045000,
351.248000, 353.657000, 354.672000, 355.348000, 359.977000, 358.576000,
347.501000, 352.725000, 352.331000, 360.450000, 364.435000, 359.215000,
353.135000, 351.961000, 358.199000, 358.079000, 359.357000, 355.187000,
356.425000, 356.098000, 360.034000, 359.290000, 359.262000, 357.944000,
357.858000, 354.579000, 348.553000, 359.035000, 356.049000, 351.291000,
358.253000, 352.797000, 354.480000, 358.554000, 355.576000, 355.845000,
354.802000, 349.009000, 356.543000, 360.556000, 359.564000, 358.016000,
357.902000, 356.493000, 354.463000, 353.966000, 356.193000, 352.855000,
359.110000, 352.928000, 351.886000, 352.410000, 351.535000, 358.400000,
356.786000, 351.511000, 351.617000, 355.573000, 353.124000, 358.869000,
350.814000, 353.596000, 358.640000, 358.086000, 347.778000, 359.013000,
354.184000, 359.218000, 356.898000, 355.725000, 359.829000, 351.489000,
356.246000, 357.670000, 350.902000, 358.483000, 354.744000, 355.258000,
359.033000, 352.964000, 348.658000, 355.132000, 353.233000, 354.025000,
355.972000, 352.704000, 359.751000, 356.215000, 359.224000, 359.507000,
352.536000, 355.525000, 354.796000, 358.494000, 353.318000, 351.758000,
358.676000, 355.268000, 357.837000, 357.074000, 353.759000, 358.095000,
356.358000, 349.393000, 356.508000, 352.710000, 354.652000, 356.105000,
