"redwood" <- list(x = c(147.000000, 129.000000, 120.000000, 120.000000, 115.000000, 55.000000,
51.000000, 51.000000, 37.000000, 32.000000, 23.000000, 23.000000,
23.000000, 23.000000, 189.000000, 189.000000, 184.000000, 92.000000,
87.000000, 83.000000, 83.000000, 74.000000, 74.000000, 69.000000,
64.000000, 207.000000, 202.000000, 202.000000, 198.000000, 189.000000,
189.000000, 184.000000, 184.000000, 179.000000, 175.000000, 110.000000,
115.000000, 97.000000, 14.000000, 9.000000, 179.000000, 179.000000,
170.000000, 129.000000, 120.000000, 115.000000, 23.000000, 23.000000,
120.000000, 110.000000, 101.000000, 0.000000, 129.000000, 120.000000,
152.000000, 143.000000, 170.000000, 138.000000, 166.000000, 60.000000,
32.000000, 9.000000), y = c(18.000000, 23.000000, 18.000000, 32.000000, 23.000000, 32.000000,
28.000000, 37.000000, 18.000000, 41.000000, 18.000000, 23.000000,
37.000000, 46.000000, 92.000000, 87.000000, 97.000000, 78.000000,
78.000000, 83.000000, 64.000000, 74.000000, 55.000000, 64.000000,
60.000000, 133.000000, 133.000000, 143.000000, 133.000000, 129.000000,
124.000000, 120.000000, 115.000000, 106.000000, 110.000000, 133.000000,
138.000000, 133.000000, 120.000000, 124.000000, 184.000000, 193.000000,
161.000000, 175.000000, 179.000000, 175.000000, 175.000000, 179.000000,
156.000000, 152.000000, 147.000000, 193.000000, 189.000000, 189.000000,
193.000000, 193.000000, 198.000000, 198.000000, 198.000000, 207.000000,
207.000000, 221.000000), area = c(xl = 0, xu = 207, yl = 18, yu = 221))
