"uganda" <- list(x = c(2310.000000, 2298.000000, 2490.000000, 2346.000000, 2011.000000,
2310.000000, 2633.000000, 2609.000000, 2550.000000, 2609.000000,
2609.000000, 2262.000000, 2203.000000, 2286.000000, 2478.000000,
2203.000000, 1784.000000, 2107.000000, 2310.000000, 2358.000000,
2370.000000, 2023.000000, 2107.000000, 2215.000000, 2059.000000,
2011.000000, 2167.000000, 2179.000000, 2083.000000, 1987.000000,
1927.000000, 1868.000000, 1891.000000, 1987.000000, 2071.000000,
2059.000000, 1951.000000, 515.000000, 2322.000000, 2502.000000,
2358.000000, 2191.000000, 2047.000000, 1951.000000, 1903.000000,
1736.000000, 2753.000000, 2478.000000, 2131.000000, 1353.000000,
1724.000000, 1903.000000, 2023.000000, 2143.000000, 2322.000000,
2430.000000, 1293.000000, 1377.000000, 1413.000000, 1532.000000,
1616.000000, 1784.000000, 1856.000000, 1975.000000, 1509.000000,
1652.000000, 1820.000000, 1497.000000, 1604.000000, 1796.000000,
2143.000000, 2143.000000, 1293.000000, 1461.000000, 1521.000000,
1664.000000, 2071.000000, 1796.000000, 1712.000000, 1616.000000,
1592.000000, 1197.000000, 1353.000000, 1365.000000, 1174.000000,
1293.000000, 1377.000000, 1401.000000, 1449.000000, 1006.000000,
1066.000000, 1102.000000, 1138.000000, 1233.000000, 1209.000000,
1030.000000, 1078.000000, 1353.000000, 1544.000000, 1736.000000,
1688.000000, 1676.000000, 1401.000000, 1042.000000, 1090.000000,
1090.000000, 1078.000000, 1126.000000, 1162.000000, 862.000000,
683.000000, 611.000000, 587.000000, 515.000000, 432.000000, 324.000000,
731.000000, 695.000000, 635.000000, 563.000000
), y = c(4144.000000, 4070.000000, 3967.000000, 3878.000000, 3759.000000,
3804.000000, 3922.000000, 3804.000000, 3700.000000, 3715.000000,
3626.000000, 3656.000000, 3611.000000, 3581.000000, 3537.000000,
3493.000000, 3478.000000, 3419.000000, 3404.000000, 3404.000000,
3463.000000, 3389.000000, 3315.000000, 3300.000000, 3256.000000,
3196.000000, 3226.000000, 3152.000000, 3137.000000, 3107.000000,
3107.000000, 3122.000000, 3019.000000, 3019.000000, 3004.000000,
2944.000000, 2944.000000, 974.000000, 3078.000000, 3004.000000,
2930.000000, 2826.000000, 2796.000000, 2781.000000, 2856.000000,
2856.000000, 3759.000000, 3419.000000, 3048.000000, 2767.000000,
2648.000000, 2619.000000, 2678.000000, 2678.000000, 2722.000000,
2737.000000, 2559.000000, 2589.000000, 2633.000000, 2589.000000,
2604.000000, 2544.000000, 2544.000000, 2574.000000, 2441.000000,
2470.000000, 2426.000000, 2367.000000, 2322.000000, 2307.000000,
2322.000000, 2204.000000, 2248.000000, 2204.000000, 2204.000000,
2189.000000, 1967.000000, 2011.000000, 1981.000000, 2041.000000,
2159.000000, 2219.000000, 2174.000000, 2100.000000, 2100.000000,
2026.000000, 2011.000000, 1922.000000, 1907.000000, 1937.000000,
1937.000000, 1922.000000, 1893.000000, 1848.000000, 1937.000000,
2056.000000, 2011.000000, 1848.000000, 1670.000000, 1656.000000,
1537.000000, 1478.000000, 1419.000000, 1522.000000, 1537.000000,
1581.000000, 1641.000000, 1730.000000, 1685.000000, 1641.000000,
1670.000000, 1611.000000, 1730.000000, 1700.000000, 1685.000000,
1700.000000, 1211.000000, 1093.000000, 974.000000, 1004.000000),
area = c(xl = 324, xu = 2753, yl = 974, yu = 4144))
