"cL" <-
list(structure(list(level = 0, x = c(179700, 179689.79579667, 
179700, 179725.853609966, 179740, 179780, 179810.556431590, 179795.489599056, 
179780, 179740, 179700), y = c(331640.262926839, 331660, 331673.116104248, 
331700, 331707.073968472, 331712.293987252, 331700, 331660, 331649.337762128, 
331632.637524229, 331640.262926839)), .Names = c("level", "x", 
"y")), structure(list(level = 0, x = c(179860, 179857.889127377, 
179860, 179862.453007263, 179900, 179921.294932305, 179903.603447921, 
179900, 179860), y = c(331855.559170405, 331860, 331886.924281322, 
331900, 331912.242607532, 331900, 331860, 331856.224393754, 331855.559170405
)), .Names = c("level", "x", "y")), structure(list(level = 200, 
    x = c(179518.148280551, 179500, 179491.115980529, 179461.781290791, 
    179460, 179420, 179403.119448235, 179380, 179340, 179300, 
    179260, 179254.350158231, 179220, 179180, 179178.471143384, 
    179148.376933335, 179140, 179111.211089737, 179100, 179095.320153781, 
    179100, 179132.229975501, 179140, 179167.250074955, 179178.815916198, 
    179180, 179218.504669718, 179220, 179224.471489321, 179239.576753917, 
    179248.190879936, 179249.305096697, 179249.157546805, 179260, 
    179291.148306292, 179300, 179304.141027018, 179340, 179372.295332293, 
    179380, 179399.964154971, 179399.146220838, 179380, 179373.756434557, 
    179340, 179307.767311530, 179300, 179260, 179236.949736851, 
    179220, 179204.478399585, 179180, 179174.852731372, 179166.201984036, 
    179160.678375460, 179180, 179184.570056897, 179212.007250882, 
    179180, 179140, 179139.963118558, 179140, 179177.00955104, 
    179178.414199975, 179180, 179215.75248005, 179220, 179260, 
    179267.64405498, 179292.906032906, 179300, 179340, 179380, 
    179389.914008958, 179409.958097793, 179410.974625884, 179415.655215948, 
    179420, 179433.534162577, 179460, 179474.597063681, 179500, 
    179513.812835341, 179540, 179558.87022765, 179580, 179615.031508978, 
    179620, 179624.014138588, 179631.613697519, 179660, 179700, 
    179723.615439650, 179740, 179780, 179820, 179838.867836190, 
    179860, 179890.970506716, 179900, 179912.667302928, 179900, 
    179899.223207518, 179875.484974466, 179860, 179855.367626419, 
    179827.624804265, 179820, 179787.766102742, 179780, 179742.380532455, 
    179740, 179702.078435347, 179700, 179667.129308516, 179660, 
    179638.545113732, 179627.685103585, 179630.084635733, 179627.342072005, 
    179622.969889003, 179620, 179618.199596800, 179614.052528945, 
    179617.113255432, 179620, 179660, 179700, 179705.361739870
    ), y = c(329918.148280551, 329926.483989288, 329940, 329980, 
    329981.731061507, 330015.872324557, 330020, 330027.672128942, 
    330032.917914763, 330034.478737966, 330023.052932181, 330020, 
    330008.011211163, 330018.67489524, 330020, 330060, 330068.046513614, 
    330100, 330114.236265172, 330140, 330143.165979507, 330180, 
    330187.958914467, 330220, 330260, 330266.195006302, 330300, 
    330312.100610590, 330300, 330260, 330220, 330180, 330140, 
    330111.567270289, 330100, 330098.093106607, 330100, 330112.854096806, 
    330140, 330150.059661208, 330180, 330220, 330254.613442475, 
    330260, 330280.926726247, 330300, 330304.672633308, 330328.681714495, 
    330340, 330348.679146942, 330380, 330405.791753746, 330420, 
    330460, 330500, 330537.171466651, 330540, 330580, 330591.906684835, 
    330617.633147783, 330620, 330620.066718518, 330660, 330700, 
    330709.386803072, 330740, 330742.021800466, 330769.483091587, 
    330780, 330820, 330827.342590825, 330838.801349672, 330825.355506499, 
    330820, 330780, 330740, 330700, 330679.775981351, 330660, 
    330636.230889817, 330620, 330592.725019331, 330580, 330549.509782324, 
    330540, 330513.835291394, 330540, 330549.574069149, 330580, 
    330620, 330631.091621543, 330626.328746124, 330620, 330611.832215692, 
    330597.814760196, 330603.29336382, 330620, 330636.918049536, 
    330660, 330671.166359195, 330660, 330621.897068519, 330620, 
    330580, 330546.108395787, 330540, 330500, 330490.431059916, 
    330460, 330453.536756588, 330420, 330417.909863893, 330380, 
    330377.633511074, 330340, 330328.224107664, 330300, 330260, 
    330220, 330180, 330140, 330108.968228638, 330100, 330060, 
    330020, 330014.046968566, 329986.906595685, 329985.596575087, 
    329985.36173987)), .Names = c("level", "x", "y")), structure(list(
    level = 200, x = c(179460, 179455.591767718, 179450.116885221, 
    179460, 179469.574755483, 179469.568499160, 179460), y = c(331364.554507930, 
    331380, 331420, 331440.908460115, 331420, 331380, 331364.554507930
    )), .Names = c("level", "x", "y")), structure(list(level = 200, 
    x = c(179500, 179498.719079657, 179500, 179506.153091817, 
    179500), y = c(331492.762856942, 331500, 331505.714539581, 
    331500, 331492.762856942)), .Names = c("level", "x", "y")), 
    structure(list(level = 200, x = c(180940, 180924.121635209, 
    180900, 180897.602739632, 180868.404883210, 180860, 180834.403658720, 
    180820, 180780, 180743.227689949, 180763.033951188, 180780, 
    180782.189627090, 180806.949846755, 180812.559641748, 180780, 
    180740, 180717.782211766, 180700, 180660, 180620, 180580, 
    180545.160779391, 180540, 180500, 180471.684655046, 180460, 
    180459.366971476, 180435.572621527, 180437.023502128, 180460, 
    180496.795587416, 180482.246196733, 180465.732520166, 180460, 
    180420, 180417.841757836, 180398.305795444, 180400.864369421, 
    180407.998430001, 180394.391176363, 180380, 180359.252649162, 
    180340, 180325.124951091, 180318.455384449, 180300, 180297.529092574, 
    180300, 180324.223716254, 180340, 180345.223758824, 180357.927424734, 
    180340, 180336.668624274, 180300, 180260, 180220, 180180, 
    180140, 180100, 180060, 180043.218817014, 180044.227466793, 
    180049.671564288, 180055.872889082, 180060, 180060.18229788, 
    180060, 180043.222273028, 180020, 180018.358140232, 180016.899775510, 
    180020, 180051.235717752, 180060, 180065.991859578, 180100, 
    180132.159024348, 180140, 180172.425637871, 180180, 180206.524618836, 
    180180, 180140, 180138.948370390, 180100, 180060, 180054.235194887, 
    180020, 180008.926047639, 179980, 179944.326317992, 179940, 
    179900, 179860, 179830.564630833, 179820, 179780.660806856, 
    179780, 179751.535732551, 179746.086265378, 179740, 179726.643453435, 
    179700.496032890, 179700, 179660, 179658.025995521, 179620, 
    179616.196013710, 179598.158912578, 179580, 179579.112015946, 
    179562.742868275, 179540, 179530.634575210, 179540, 179575.244557455, 
    179580, 179620, 179656.732860869, 179652.311267546, 179626.919074258, 
    179620, 179593.930722486, 179580, 179575.991979972, 179569.024203471, 
    179569.232952997, 179580, 179600.101617922, 179617.539739342, 
    179620, 179634.746228022, 179642.048781504, 179642.659970434, 
    179631.817800193, 179620, 179608.786140799, 179585.064197666, 
    179580, 179571.216811439, 179580, 179620, 179643.250516422, 
    179660, 179700, 179723.931108351, 179740, 179759.609522294, 
    179740, 179738.119281666, 179740, 179772.686824698, 179780, 
    179782.224792511, 179820, 179828.755580438, 179860, 179900, 
    179940, 179971.211707602, 179980, 180011.215438089, 180020, 
    180044.421319961, 180060, 180060.039144131, 180088.182432392, 
    180100, 180140, 180180, 180201.924765766, 180220, 180260, 
    180300, 180321.328918983, 180340, 180363.713175023, 180380, 
    180403.373111342, 180414.597281048, 180420, 180460, 180461.301672001, 
    180479.334540257, 180498.150492799, 180500, 180540, 180580, 
    180602.834947751, 180620, 180629.165456497, 180647.627794213, 
    180660, 180664.986621332, 180680.099537879, 180694.572881952, 
    180700, 180710.292876397, 180725.187062511, 180738.902832987, 
    180740, 180762.250012530, 180779.169973409, 180780),